4 12 1
-0.27822493313547 -0.751812533663886 -0.5805276271473034 -0.690088356489275 -0.9120285560256486 0.16685843433099026 -0.6074658007475108 0.70495794383157 -0.314982226796814 -0.2989168522647866 -1.2449111526841963 0.28216562280879515 
0.29375380965725023 0.02802526933053747 -0.23302175931800195 0.22452465720957412 -0.23966654467895404 -1.0801949944280975 -0.08081104586497842 -0.3289221158990955 0.028294432313902756 -0.2101415464819695 -0.6599837306515174 -0.6325113763574948 
8.34940549657714 -4.892896981252702 -2.435268544612186 -1.418983663812869 8.178501590565576 7.660090637325646 -1.697185643222687 -10.748508826726072 -17.29725425391158 18.232884639462775 -0.8935071123163311 -8.841245383621349 
-0.5282318996609399 0.06350697785308873 -0.3975978116046023 -0.04328385251433161 -0.15603066340550975 -0.541110616285501 -0.9570931447482891 -0.9369103721300844 0.2829434886658462 -0.033295454764840554 0.5754561495387082 -0.8466005941221371 
-3.716930483761357 
3.0731322729189716 
1.8073838764186398 
1.0457360671801863 
-3.6228607286367933 
-3.374142038966779 
1.2999680831924267 
5.872767952723969 
8.672662747976323 
-8.041848248723532 
0.9554637289436453 
5.029701014394532 
-4.359572548647017 1.448680475707254 0.10115270843792115 -1.0461197831106932 -3.892899353282529 -3.608880380179692 -0.19999958529492085 4.563884508165761 7.89479426389671 -8.93236721690071 -1.1571131226248434 3.910560861101205 
2.0885469538750714 
